ID,name,email,active,createdAt,createdBy,modifiedAt,modifiedBy
4870849b-f55d-4404-9147-dfb92a178c10,name-4870849,email-4870849,false,2014-11-28T00:00:00.000Z,createdBy.2wedd@example.org,2008-09-24T00:00:00.000Z,modifiedBy.2wedd@example.org
48708503-70e1-4c07-aeea-e909132f3324,name-4870850,email-4870850,true,2022-07-13T00:00:00.000Z,createdBy.2wede@example.com,2019-08-01T00:00:00.000Z,modifiedBy.2wede@example.com